276
286
213
140
280
500
500
500
500
500
133
104
354
349
202
112
164
186
68
139
259
263
199
201
211
208
127
131
158
249
201
213
141
68
499
424
282
350
413
271
74
96
136
243
142
123
245
143
72
202
126
114
203
327
146
140
415
130
74
139
135
223
207
68
141
276
273
132
70
199
139
83
137
25
32
129
143
136
58
286
279
137
498
418
201
274
60
71
53
68
73
205
213
61
137
136
327
135
123
86
216
267
206
70
253
137
230
199
265
276
75
92
83
62
138
142
136
127
276
119
303
227
185
59
137
97
83
106
72
142
357
135
128
84
141
327
141
127
66
285
124
99
136
72
84
142
428
139
68
346
389
419
345
372
200
339
278
88
135
99
500
500
500
500
500
285
423
296
228
276
153
159
202
63
277
219
136
85
347
93
261
42
132
64
139
345
210
138
97
415
197
138
128
36
142
305
199
263
140
213
33
157
133
75
344
136
227
136
73
279
203
278
214
306
210
85
428
367
428
275
274
285
198
99
289
344
409
373
487
382
139
226
143
84
150
201
472
373
265
489
140
139
87
275
168
85
348
133
128
210
